47 48 48 73 68 69 68 13

19200	- 47 48 48 67 80 67 49 84 48 56 70 70 70 70 51 66 13	(dec)
2400 	- 47 48 48 67 80 67 49 84 48 53 70 70 70 70 51 56 13	(dec)
115200  - 2f 30 30 43 50 43 31 54 30 42 46 46 46 46 34 35 0d	(hex)
57600	- 2f 30 30 43 50 43 31 54 30 41 46 46 46 46 34 34 0d	(hex)
38400	- 2f 30 30 43 50 43 31 54 30 39 46 46 46 46 33 43 0d	(hex)
9600	- 2f 30 30 43 50 43 31 54 30 37 46 46 46 46 33 41 0d	(hex)
4800	- 2f 30 30 43 50 43 31 54 30 36 46 46 46 46 33 39 0d 	(hex)



koigil muudatustel vastus 2f 41 30 30 43 50 46 33 0d